25
0111101011011001111101010
0000101010110111111011011
0011011011000000111110001
1010001010001110111100001
1111101010110111010111101
1000011111001011111010101
0100010001000101100101110
1000111111101111010100011
0001100100001011010101101
0100100101001101111010011
1010100001110100110011111
0001111011000010011011001
0101010011000110100100111
0011101110111001110000010
0100000101101010000000010
1100100001010110010001101
1010011101000110010101110
1111111101011110000111100
1001010001010001100100011
0000101110001011100111110
1110111110111100110111101
0010001111110101100101001
1001101000100011110111111
0001110001110110011101111
0110001101111111011001010
