25
0000111110001100101110010
1110010000100010111110101
0100000000010101111100110
1011011111001111001011110
1011100000111001011100101
0001111101000001110010111
0001100110010100101110011
1110111010110111111010011
1100110000011111011010010
0111101110001010011000001
0011000010001111110101000
1000010100001110001000011
1000001110100100010100000
1110101010100111100010011
1101110000000011001001000
1111111111001100110010000
0001110011111010010101011
1111001101010001111011001
1111110000100001010000000
0100001111000110101010000
0100010010101001001000100
0100110110010001111000100
0010110000001101010001110
1011101000001110010111111
0010101110001100100000000
